<!DOCTYPE html>
<html>
  
  <head data-gwd-animation-mode="quickMode">
    <title>Welcome</title>
    <meta http-equiv="Content-Type" content="text/html; charset=utf-8">
    <meta name="generator" content="Google Web Designer 1.0.6.0428">
    <style type="text/css">
      body {
        background-color: transparent;
        -webkit-transform: perspective(1000px) matrix3d(1, 0, 0, 0, 0, 1, 0, 0, 0, 0, 1, 0, 0, 0, 0, 1);
        -webkit-transform-style: preserve-3d;
        margin: 0px;
        font-family:'Helvetica Neue', Helvetica, Arial, sans-serif;
      }
      .container {
        margin: 50px auto 40px;
        width: 600px;
        text-align: center;
      }
      a {
        color: rgba(0, 0, 0, 0.498039);
        text-decoration: none;
        cursor: text;
      }
      a:hover {
        text-decoration: none;
      }
      h1 {
        width: 800px;
        position: relative;
        left: -100px;
        letter-spacing: -1px;
        line-height: 60px;
        font-size: 60px;
        font-weight: 100;
        margin: 0px 0px 50px;
        text-shadow: rgb(255, 255, 255) 0px 1px 0px;
      }
      p {
        color: rgba(0, 0, 0, 0.498039);
        margin: 20px 0px;
        line-height: 1.6;
      }
      ul {
        list-style: none;
        margin: 25px 0px;
        padding: 0px;
      }
      li {
        display: table-cell;
        font-weight: bold;
        width: 1%;
      }
      .logo {
        display: inline-block;
        margin-top: 35px;
      }
      .logo-img-2x {
        display: none;
      }
      @media only screen and (-webkit-min-device-pixel-ratio: 2), not all, not all, not all, only screen and (min-resolution: 192dpi), only screen and (min-resolution: 2dppx) {
        .logo-img-1x {
          display: none;
        }
        .logo-img-2x {
          display: inline-block;
        }
      }
      #suggestions {
        margin-top: 35px;
        color: rgb(204, 204, 204);
      }
      #suggestions a {
        color: rgb(102, 102, 102);
        font-weight: 200;
        font-size: 14px;
        margin: 0px 10px;
      }
      .gwd-div-tsqq {
        overflow: inherit;
        -webkit-transform-style: preserve-3d;
        -webkit-transform: matrix3d(0.543039716, -0.5957163569, -0.591802238, 0, 0.8299973765, 0.2739292347, 0.4858673988, 0, -0.1273272225, -0.7550395993, 0.6431974673, 0, -115.9016135317, 77.3804328171, 238.4664944414, 1);
        color: rgb(0, 0, 0);
        -webkit-transform-origin: 50% 50% 0px;
      }
      .gwd-div-8meg {
        -webkit-transform-origin: 50% 50% 0px;
        -webkit-transform-style: preserve-3d;
        -webkit-transform: matrix3d(0.543039716, -0.5957163569, -0.591802238, 0, 0.8014675356, 0.1563873709, 0.5780075948, 0, -0.2517781827, -0.7881913613, 0.562371874, 0, -71.3058550244, 34.8082968286, 124.9450917545, 1);
      }
      .gwd-div-wajc {
        -webkit-transform-style: preserve-3d;
        -webkit-transform: matrix3d(0.543039716, -0.5957163569, -0.591802238, 0, 0.7500281378, 0.027202116, 0.6608463038, 0, -0.3775786794, -0.8027341197, 0.4615758592, 0, -26.7100965171, -7.76383916, 11.4236890674, 1);
        -webkit-transform-origin: 50% 50% 0px;
        height: 146px;
      }
      .gwd-gen-0777gwdanimation {
        -webkit-animation: gwd-gen-0777gwdanimation_animation 5s linear 0s 1 forwards;
      }
      .gwd-gen-ew71gwdanimation {
        -webkit-animation: gwd-gen-ew71gwdanimation_animation 5s linear 0s 1 forwards;
      }
      .gwd-gen-xf8kgwdanimation {
        -webkit-animation: gwd-gen-xf8kgwdanimation_animation 5s linear 0s 1 forwards;
      }
      .gwd-gen-cg3igwdanimation {
        -webkit-animation: gwd-gen-cg3igwdanimation_animation 3s linear 0s 1 forwards;
      }
      @-webkit-keyframes gwd-gen-0777gwdanimation_animation {
        0% {
          -webkit-animation-timing-function: ease-in;
          -webkit-transform: matrix3d(0.543039716, -0.5957163569, -0.591802238, 0, 0.8299973765, 0.2739292347, 0.4858673988, 0, -0.1273272225, -0.7550395993, 0.6431974673, 0, -115.9016135317, 77.3804328171, 238.4664944414, 1);
          color: rgb(0, 0, 0);
          -webkit-transform-origin: 50% 50% 0px;
        }
        20% {
          -webkit-animation-timing-function: ease;
          -webkit-transform: matrix3d(0.7519326824, 0.1316239162, -0.645966242, 0, 0.1930238351, 0.8929723023, 0.4066426765, 0, 0.6303538639, -0.4304547999, 0.6460485055, 0, -84.3036480952, 47.8659863118, -151.531320803, 1);
          color: rgb(0, 0, 0);
          -webkit-transform-origin: 50% 50% 0px;
        }
        40% {
          -webkit-animation-timing-function: linear;
          -webkit-transform: matrix3d(1, 0, 0, 0, 0, 1, 0, 0, 0, 0, 1, 0, 0, 0, 0, 1);
          color: rgb(0, 0, 0);
          -webkit-transform-origin: 50% 50% 0px;
        }
        60% {
          -webkit-animation-timing-function: linear;
          -webkit-transform: matrix3d(1, 0, 0, 0, 0, 1, 0, 0, 0, 0, 1, 0, 0, 0, 0, 1);
          color: rgb(0, 0, 0);
          -webkit-transform-origin: 50% 50% 0px;
        }
        100% {
          -webkit-animation-timing-function: linear;
          -webkit-transform: matrix3d(1, 0, 0, 0, 0, 1, 0, 0, 0, 0, 1, 0, 0, 0, 0, 1);
          color: rgb(0, 0, 0);
          -webkit-transform-origin: 50% 50% 0px;
        }
      }
      @-webkit-keyframes gwd-gen-ew71gwdanimation_animation {
        0% {
          -webkit-animation-timing-function: ease-in;
          -webkit-transform: matrix3d(0.543039716, -0.5957163569, -0.591802238, 0, 0.8014675356, 0.1563873709, 0.5780075948, 0, -0.2517781827, -0.7881913613, 0.562371874, 0, -71.3058550244, 34.8082968286, 124.9450917545, 1);
        }
        20% {
          -webkit-animation-timing-function: ease;
          -webkit-transform: matrix3d(0.7519326824, 0.1316239162, -0.645966242, 0, 0.6254008803, -0.4537164749, 0.635543153, 0, -0.2094328475, -0.8818735242, -0.4234819591, 0, -46.9657712543, 27.2232284122, -72.3371253342, 1);
        }
        40% {
          -webkit-animation-timing-function: linear;
          -webkit-transform: matrix3d(1, 0, 0, 0, 0, 1, 0, 0, 0, 0, 1, 0, 0, 0, 0, 1);
        }
        60% {
          -webkit-animation-timing-function: linear;
          -webkit-transform: matrix3d(1, 0, 0, 0, 0, 1, 0, 0, 0, 0, 1, 0, 0, 0, 0, 1);
        }
        100% {
          -webkit-animation-timing-function: linear;
          -webkit-transform: matrix3d(1, 0, 0, 0, 0, 1, 0, 0, 0, 0, 1, 0, 2, -38, 0, 1);
        }
      }
      @-webkit-keyframes gwd-gen-xf8kgwdanimation_animation {
        0% {
          -webkit-animation-timing-function: ease-in;
          -webkit-transform: matrix3d(0.543039716, -0.5957163569, -0.591802238, 0, 0.7500281378, 0.027202116, 0.6608463038, 0, -0.3775786794, -0.8027341197, 0.4615758592, 0, -26.7100965171, -7.76383916, 11.4236890674, 1);
          -webkit-transform-origin: 50% 50% 0px;
          height: 146px;
        }
        20% {
          -webkit-animation-timing-function: ease;
          -webkit-transform: matrix3d(0.7519326824, 0.1316239162, -0.645966242, 0, 0.5968259745, -0.5879184459, 0.5749353504, 0, -0.3041002267, -0.8178421121, -0.5206316662, 0, -9.6278944133, 6.5804705126, 6.8570701345, 1);
          -webkit-transform-origin: 50% 50% 0px;
          height: 146px;
        }
        40% {
          -webkit-animation-timing-function: linear;
          -webkit-transform: matrix3d(1, 0, 0, 0, 0, -0.18, 1, 0, 0, -1, -0.18, 0, 0, 0, 0, 1);
          -webkit-transform-origin: 50% 50% 0px;
          height: 146px;
        }
        60% {
          -webkit-animation-timing-function: linear;
          -webkit-transform: matrix3d(1, 0, 0, 0, 0, 1, 0, 0, 0, 0, 1, 0, 0, 0, 0, 1);
          -webkit-transform-origin: 50% 50% 0px;
          height: 146px;
        }
        100% {
          -webkit-animation-timing-function: linear;
          -webkit-transform: translate3d(2px, -73.52px, 0px);
          -webkit-transform-origin: 50% 50% 0px;
          height: 121px;
        }
      }
      @-webkit-keyframes gwd-gen-cg3igwdanimation_animation {
        0% {
          -webkit-animation-timing-function: linear;
        }
        33.3333% {
          -webkit-animation-timing-function: linear;
        }
        66.6667% {
          -webkit-animation-timing-function: linear;
        }
        100% {
          -webkit-animation-timing-function: linear;
        }
      }
      .gwd-body {
        width: 100%;
        height: 100%;
      }
      @-webkit-keyframes gwd-gen-16y1gwdanimation_animation {
        0% {
          -webkit-animation-timing-function: linear;
          left: 884px;
          top: 528px;
          background-color: transparent;
          -webkit-transform: matrix3d(1, 0, 0, 0, 0, -0.15, 1, 0, 0, -1, -0.15, 0, -10, -1877, 1588, 1);
          -webkit-transform-origin: 50% 50% 0px;
        }
        100% {
          -webkit-animation-timing-function: linear;
          left: 891px;
          top: 545px;
          background-color: transparent;
          -webkit-transform: matrix3d(1, 0, 0, 0, 0, 1, 0, 0, 0, 0, 1, 0, 0, 0, 0, 1);
          -webkit-transform-origin: 50% 50% 0px;
        }
        20% {
          -webkit-animation-timing-function: linear;
          left: 891px;
          top: 545px;
          background-color: transparent;
          -webkit-transform: matrix3d(1, 0, 0, 0, 0, 1, 0, 0, 0, 0, 1, 0, 0, 0, 0, 1);
          -webkit-transform-origin: 50% 50% 0px;
        }
        40% {
          -webkit-animation-timing-function: linear;
          left: 891px;
          top: 545px;
          background-color: transparent;
          -webkit-transform: matrix3d(1, 0, 0, 0, 0, 1, 0, 0, 0, 0, 1, 0, 0, 0, 0, 1);
          -webkit-transform-origin: 50% 50% 0px;
        }
        60% {
          -webkit-animation-timing-function: linear;
          left: 891px;
          top: 545px;
          background-color: transparent;
          -webkit-transform: matrix3d(1, 0, 0, 0, 0, 1, 0, 0, 0, 0, 1, 0, 0, 0, 0, 1);
          -webkit-transform-origin: 50% 50% 0px;
        }
      }
    </style>
  </head>
  
  <body class="gwd-body">
    <div class="container gwd-div-tsqq gwd-gen-uxrqgwdanimation gwd-gen-0777gwdanimation" id="english">
       <h2>Hello World！</h2>

      <p><strong>There is my first page on this server.</strong>

      </p>
      <p><em>I donot know what to publish at this moment</em>

        <br>It may take up to ten years until my idea is available.</p>
    </div>
    <div class="container gwd-div-8meg gwd-gen-q5dwgwdanimation gwd-gen-ew71gwdanimation" id="chinese">
       <h2>你好,世界!</h2>

      <p><strong>这是本服的第一张网页。</strong>

      </p>
      <p><em>这一刻，我还不知道发布什么！</em>

        <br>这可能需要长达十几年，直到我找到可用的想法。</p>
    </div>
    <div class="container gwd-div-wajc gwd-gen-fuicgwdanimation gwd-gen-xf8kgwdanimation" id="japanese">
       <h2>こんにちは世界!</h2>

      <p><strong>これはこのサーバー最初のページ<a href="0/">。</a></strong>

      </p>
      <p><em>この瞬間、私は公開されているのか分からない！</em>

        <br>
      </p>
    </div>
  </body>

</html>
